image_width: 640
image_height: 480
camera_name: narrow_stereo
camera_matrix:
  rows: 3
  cols: 3
  data: [654.38502,   0.     , 331.28703,
           0.     , 653.48721, 271.69525,
           0.     ,   0.     ,   1.     ]
distortion_model: plumb_bob
distortion_coefficients:
  rows: 1
  cols: 5
  data: [-0.405692, 0.187852, 0.004844, 0.001705, 0.000000]
rectification_matrix:
  rows: 3
  cols: 3
  data: [1., 0., 0.,
         0., 1., 0.,
         0., 0., 1.]
projection_matrix:
  rows: 3
  cols: 4
  data: [585.675  ,   0.     , 335.36257,   0.     ,
           0.     , 612.18091, 277.28843,   0.     ,
           0.     ,   0.     ,   1.     ,   0.     ]
